0 38.39118576049805
1 38.40898513793945
2 38.43093490600586
3 38.44015884399414
4 38.422874450683594
5 38.39643859863281
6 38.359859466552734
7 38.30580520629883
8 38.253562927246094
9 38.20591735839844
10 38.15693283081055
11 38.01525115966797
12 37.8016357421875
13 37.73101043701172
14 37.65938949584961
15 37.611473083496094
16 37.58638000488281
17 37.56330490112305
18 37.50895309448242
19 37.54694747924805
20 37.49409866333008
21 37.492618560791016
22 37.51154327392578
23 37.5202751159668
24 37.53026580810547
25 37.568973541259766
26 37.604129791259766
27 37.614131927490234
28 37.57135009765625
29 37.5438117980957
30 37.553245544433594
31 37.5752067565918
32 37.65727996826172
33 37.64091873168945
34 37.59558868408203
35 37.55309295654297
36 37.525882720947266
37 37.5649528503418
38 37.57585525512695
39 37.588600158691406
40 37.58217239379883
41 37.570777893066406
42 37.55139923095703
43 37.520660400390625
44 37.52790451049805
45 37.51128005981445
46 37.48830032348633
47 37.46457290649414
48 37.47457504272461
49 37.50335693359375
50 37.52666091918945
51 37.56303024291992
52 37.54024124145508
53 37.54726028442383
54 37.522830963134766
55 37.49119567871094
56 37.473751068115234
57 37.504241943359375
58 37.505096435546875
59 37.5274772644043
60 37.57789611816406
61 37.55003356933594
62 37.49397659301758
63 37.47880172729492
64 37.4888801574707
65 37.50715637207031
66 37.49235153198242
67 37.51381301879883
68 37.47834396362305
69 37.54269027709961
70 37.56646728515625
71 37.56706237792969
72 37.53031921386719
73 37.53588104248047
74 37.51184844970703
75 37.49491882324219
76 37.505104064941406
77 37.49009323120117
78 37.48567199707031
79 37.492820739746094
80 37.4874382019043
81 37.48039245605469
82 37.48762893676758
83 37.44898986816406
84 37.453208923339844
85 37.422977447509766
86 37.4371337890625
87 37.41433334350586
88 37.43152618408203
89 37.39598846435547
90 37.363529205322266
91 37.360260009765625
92 37.32279968261719
93 37.35958480834961
94 37.39279556274414
95 37.38371658325195
96 37.402164459228516
97 37.41033935546875
98 37.40853500366211
99 37.42381286621094
100 37.39501953125
101 37.42021942138672
102 37.43019485473633
103 37.42329406738281
104 37.45402908325195
105 37.49726104736328
106 37.490657806396484
107 37.490230560302734
108 37.477272033691406
109 37.448516845703125
110 37.43717956542969
111 37.445594787597656
112 37.44585037231445
113 37.48753356933594
114 37.46621322631836
115 37.426719665527344
116 37.356361389160156
117 37.35540771484375
118 37.35972595214844
119 37.375732421875
120 37.38302230834961
121 37.38960647583008
122 37.388946533203125
123 37.36142349243164
124 37.384788513183594
125 37.38390350341797
126 37.42543411254883
127 37.44597625732422
128 37.42323684692383
129 37.42387771606445
130 37.398990631103516
131 37.416839599609375
132 37.4400749206543
133 37.427371978759766
134 37.400184631347656
135 37.40485382080078
136 37.403907775878906
137 37.4104118347168
138 37.42310333251953
139 37.42376708984375
140 37.38998794555664
141 37.401851654052734
142 37.4281005859375
143 37.421875
144 37.40374755859375
145 37.34035110473633
146 37.34074783325195
147 37.3745002746582
148 37.43796157836914
149 37.46913528442383
150 37.492759704589844
151 37.43422317504883
152 37.457916259765625
153 37.47138977050781
154 37.473175048828125
155 37.50236511230469
156 37.445823669433594
157 37.455265045166016
158 37.45405960083008
159 37.438411712646484
160 37.44839096069336
161 37.46739196777344
162 37.50068664550781
163 37.50319290161133
164 37.49115753173828
165 37.511436462402344
166 37.55854797363281
167 37.56016159057617
168 37.537696838378906
169 37.55219650268555
170 37.54107666015625
171 37.54468536376953
172 37.554832458496094
173 37.553306579589844
174 37.53262710571289
175 37.535221099853516
176 37.542884826660156
177 37.59347152709961
178 37.59613037109375
179 37.55940246582031
180 37.57341003417969
181 37.569419860839844
182 37.57160949707031
183 37.520809173583984
184 37.51937484741211
185 37.54547119140625
186 37.54759216308594
187 37.55525588989258
188 37.572837829589844
189 37.5740852355957
190 37.592872619628906
191 37.6093635559082
192 37.553855895996094
193 37.53116226196289
194 37.50310134887695
195 37.513023376464844
196 37.50997543334961
197 37.572288513183594
198 37.58372116088867
199 37.59415054321289
200 37.59171676635742
201 37.53993606567383
202 37.59772872924805
203 37.63582992553711
204 37.614131927490234
205 37.59573745727539
206 37.60300827026367
207 37.5849723815918
208 37.56929016113281
209 37.57804870605469
210 37.58906936645508
211 37.60996627807617
212 37.54698181152344
213 37.55194091796875
214 37.54893112182617
215 37.570899963378906
216 37.5872917175293
217 37.566009521484375
218 37.529090881347656
219 37.49832534790039
220 37.55978775024414
221 37.549224853515625
222 37.57912826538086
223 37.57094192504883
224 37.563026428222656
225 37.56313705444336
226 37.594234466552734
227 37.589630126953125
228 37.52774429321289
229 37.562129974365234
230 37.573307037353516
231 37.567081451416016
232 37.56108093261719
233 37.56664276123047
234 37.60588836669922
235 37.58600616455078
236 37.552242279052734
237 37.563941955566406
238 37.55479431152344
239 37.566837310791016
240 37.56046676635742
241 37.60931396484375
242 37.579139709472656
243 37.5083122253418
244 37.47904586791992
245 37.482975006103516
246 37.52128219604492
247 37.531005859375
248 37.512054443359375
249 37.46980667114258
250 37.48750686645508
251 37.51893997192383
252 37.52541732788086
253 37.52703857421875
254 37.522708892822266
255 37.5103874206543
256 37.50390625
257 37.50687789916992
258 37.52931594848633
259 37.536624908447266
260 37.536529541015625
261 37.577598571777344
262 37.568294525146484
263 37.605167388916016
264 37.595481872558594
265 37.55692672729492
266 37.51817321777344
267 37.535884857177734
268 37.54190444946289
269 37.562320709228516
270 37.564395904541016
271 37.542911529541016
272 37.52437210083008
273 37.53386306762695
274 37.55529022216797
275 37.61637496948242
276 37.62704849243164
277 37.630245208740234
278 37.638282775878906
279 37.673648834228516
280 37.67273712158203
281 37.703712463378906
282 37.72028732299805
283 37.71528244018555
284 37.72314453125
285 37.73494338989258
286 37.73662185668945
287 37.70172119140625
288 37.67909622192383
289 37.647216796875
290 37.65544509887695
291 37.65360641479492
292 37.70718002319336
293 37.70112228393555
294 37.68675994873047
295 37.70207214355469
296 37.7463493347168
297 37.73548889160156
298 37.76420974731445
299 37.762210845947266
300 37.784542083740234
301 37.80979537963867
302 37.79839324951172
303 37.811092376708984
304 37.77892303466797
305 37.77830123901367
306 37.816078186035156
307 37.82719802856445
308 37.76319122314453
309 37.74838638305664
310 37.733177185058594
311 37.76287078857422
312 37.73101043701172
313 37.69147491455078
314 37.64273452758789
315 37.70587158203125
316 37.73273468017578
317 37.705421447753906
318 37.73199462890625
319 37.77066421508789
320 37.76203918457031
321 37.77830123901367
322 37.80161666870117
323 37.7730598449707
324 37.75297164916992
325 37.79084777832031
326 37.819271087646484
327 37.812095642089844
328 37.832027435302734
329 37.82980728149414
330 37.844024658203125
331 37.86332702636719
332 37.82855987548828
333 37.837398529052734
334 37.830535888671875
335 37.83327102661133
336 37.84362030029297
337 37.85177230834961
338 37.8573112487793
339 37.826412200927734
340 37.80097198486328
341 37.7804069519043
342 37.800662994384766
343 37.86175537109375
344 37.851566314697266
345 37.82683181762695
346 37.838897705078125
347 37.822853088378906
348 37.7451286315918
349 37.774658203125
350 37.80215072631836
351 37.829917907714844
352 37.84436798095703
353 37.85676956176758
354 37.85847091674805
355 37.84437942504883
356 37.83592224121094
357 37.86858367919922
358 37.89746856689453
359 37.937843322753906
360 37.93329620361328
361 37.920352935791016
362 37.89675521850586
363 37.87859344482422
364 37.83564376831055
365 37.848121643066406
366 37.87637710571289
367 37.825077056884766
368 37.80339431762695
369 37.837154388427734
370 37.88713836669922
371 37.876243591308594
372 37.85143280029297
373 37.808223724365234
374 37.776248931884766
375 37.77628707885742
376 37.78751754760742
377 37.76188278198242
378 37.736629486083984
379 37.75727462768555
380 37.75876998901367
381 37.76705551147461
382 37.75469207763672
383 37.74190139770508
384 37.77994155883789
385 37.749656677246094
386 37.740753173828125
387 37.767127990722656
388 37.749088287353516
389 37.790245056152344
390 37.81587600708008
391 37.77109909057617
392 37.73660659790039
393 37.7465705871582
394 37.76728057861328
395 37.76509475708008
396 37.76680374145508
397 37.82017517089844
398 37.79029846191406
399 37.77369689941406
400 37.822357177734375
401 37.798709869384766
402 37.80244827270508
403 37.827239990234375
404 37.82880783081055
405 37.81802749633789
406 37.75099182128906
407 37.73124313354492
408 37.71900177001953
409 37.71157455444336
410 37.682464599609375
411 37.696834564208984
412 37.71197509765625
413 37.70848846435547
414 37.690128326416016
415 37.692779541015625
416 37.714080810546875
417 37.72297668457031
418 37.7060432434082
419 37.71476364135742
420 37.704227447509766
421 37.702308654785156
422 37.73192596435547
423 37.70273208618164
424 37.70237731933594
425 37.720924377441406
426 37.73906707763672
427 37.73744583129883
428 37.72043228149414
429 37.75416946411133
430 37.7862663269043
431 37.7927131652832
432 37.81336212158203
433 37.77920150756836
434 37.76359939575195
435 37.76402282714844
436 37.733272552490234
437 37.7081298828125
438 37.71293258666992
439 37.689090728759766
440 37.70860290527344
441 37.72054672241211
442 37.73735809326172
443 37.73029708862305
444 37.72108840942383
445 37.68526077270508
446 37.71245574951172
447 37.7403564453125
448 37.74068069458008
449 37.735435485839844
450 37.78289031982422
451 37.81437683105469
452 37.83558654785156
453 37.840450286865234
454 37.8602409362793
455 37.836631774902344
456 37.85222244262695
457 37.86628341674805
458 37.85616683959961
459 37.866600036621094
460 37.89271926879883
461 37.891632080078125
462 37.9096794128418
463 37.91488265991211
464 37.89406204223633
465 37.887760162353516
466 37.88908767700195
467 37.92247772216797
468 37.9171028137207
469 37.92641067504883
470 37.91033935546875
471 37.867942810058594
472 37.856693267822266
473 37.838043212890625
474 37.905662536621094
475 37.9141960144043
476 37.89667510986328
477 37.88399124145508
478 37.88178634643555
479 37.883174896240234
480 37.83147048950195
481 37.85956954956055
482 37.90255355834961
483 37.91023635864258
484 37.87488555908203
485 37.84132385253906
486 37.864070892333984
487 37.88780975341797
488 37.91172409057617
489 37.900917053222656
490 37.864234924316406
491 37.85691452026367
492 37.84333419799805
493 37.835575103759766
494 37.79944610595703
495 37.76144790649414
496 37.76181411743164
497 37.760040283203125
498 37.72673797607422
499 37.71549606323242
500 37.74897766113281
501 37.768836975097656
502 37.779930114746094
503 37.769351959228516
504 37.76014709472656
505 37.721927642822266
506 37.7815055847168
507 37.77420425415039
508 37.77967834472656
509 37.796443939208984
510 37.81023025512695
511 37.79508590698242
512 37.7835807800293
513 37.7686882019043
514 37.78662109375
515 37.73324966430664
516 37.751136779785156
517 37.76905822753906
518 37.795448303222656
519 37.76259231567383
520 37.77821350097656
521 37.768699645996094
522 37.798011779785156
523 37.80630874633789
524 37.81264877319336
525 37.84488296508789
526 37.85490036010742
527 37.87491989135742
528 37.913719177246094
529 37.86595916748047
530 37.837886810302734
531 37.855411529541016
532 37.832855224609375
533 37.796546936035156
534 37.78736114501953
535 37.770198822021484
536 37.769927978515625
537 37.746402740478516
538 37.72789001464844
539 37.70566940307617
540 37.69398880004883
541 37.70569610595703
542 37.736061096191406
543 37.75489807128906
544 37.78615188598633
545 37.78553009033203
546 37.764190673828125
547 37.77843475341797
548 37.80546188354492
549 37.82149887084961
550 37.819515228271484
551 37.7791748046875
552 37.765995025634766
553 37.77445983886719
554 37.76296615600586
555 37.79176330566406
556 37.822967529296875
557 37.74968719482422
558 37.751548767089844
559 37.76702880859375
560 37.776023864746094
561 37.735687255859375
562 37.74037170410156
563 37.778839111328125
564 37.77256774902344
565 37.77144241333008
566 37.759033203125
567 37.75381851196289
568 37.79030990600586
569 37.79473876953125
570 37.756710052490234
571 37.77006530761719
572 37.75989532470703
573 37.761993408203125
574 37.80216979980469
575 37.78247833251953
576 37.795413970947266
577 37.84147262573242
578 37.872230529785156
579 37.894229888916016
580 37.906646728515625
581 37.87503433227539
582 37.845428466796875
583 37.84318923950195
584 37.856666564941406
585 37.88548278808594
586 37.88164138793945
587 37.88819122314453
588 37.881202697753906
589 37.83623123168945
590 37.79469680786133
591 37.8063850402832
592 37.798370361328125
593 37.773372650146484
594 37.79362106323242
595 37.82453536987305
596 37.842403411865234
597 37.83625793457031
598 37.81679153442383
599 37.82743835449219
600 37.81773376464844
601 37.795108795166016
602 37.81282424926758
603 37.84380340576172
604 37.863224029541016
605 37.87749481201172
606 37.867305755615234
607 37.849609375
608 37.86445999145508
609 37.88617706298828
610 37.8582763671875
611 37.89741516113281
612 37.871524810791016
613 37.9039421081543
614 37.90242385864258
615 37.915103912353516
616 37.942115783691406
617 37.9392204284668
618 37.9483642578125
619 37.94691467285156
620 37.92884826660156
621 37.96158218383789
622 38.02654266357422
623 38.043678283691406
624 38.045467376708984
625 38.068668365478516
626 38.06800079345703
627 38.006011962890625
628 38.04634475708008
629 38.07166290283203
630 38.04046630859375
631 38.052555084228516
632 38.05801773071289
633 38.02920150756836
634 38.017784118652344
635 38.02490997314453
636 37.98818588256836
637 38.0468864440918
638 38.0194206237793
639 37.991790771484375
640 37.93098831176758
641 37.915531158447266
642 37.88528823852539
643 37.91062927246094
644 37.92124557495117
645 37.90726089477539
646 37.87968063354492
647 37.9254150390625
648 37.93080139160156
649 37.93232727050781
650 37.92295455932617
651 37.882728576660156
652 37.8637580871582
653 37.90234375
654 37.96066665649414
655 37.9709358215332
656 37.99701690673828
657 37.97882843017578
658 37.98992156982422
659 37.99895477294922
660 37.98853302001953
661 37.971221923828125
662 37.95724105834961
663 37.93423080444336
664 37.902198791503906
665 37.895225524902344
666 37.91181182861328
667 37.89599609375
668 37.889625549316406
669 37.901222229003906
670 37.91985321044922
671 37.89337921142578
672 37.86110305786133
673 37.8589973449707
674 37.84477996826172
675 37.87434768676758
676 37.87034606933594
677 37.89180374145508
678 37.93134689331055
679 37.947235107421875
680 37.91667175292969
681 37.91742706298828
682 37.92030334472656
683 37.89776611328125
684 37.897422790527344
685 37.94661331176758
686 37.96323013305664
687 37.95382308959961
688 38.00992965698242
689 38.01424789428711
690 38.00104904174805
691 37.966854095458984
692 37.934329986572266
693 37.947654724121094
694 37.90904998779297
695 37.93044662475586
696 37.910247802734375
697 37.93373107910156
698 37.92039108276367
699 37.92024612426758
700 37.9450798034668
701 37.96944046020508
702 37.98652648925781
703 37.99898147583008
704 37.946903228759766
705 37.958309173583984
706 37.9656867980957
707 37.96564483642578
708 37.930519104003906
709 37.95498275756836
710 37.97028732299805
711 37.91753005981445
712 37.89689636230469
713 37.91595458984375
714 37.98826599121094
715 38.00971984863281
716 37.97417068481445
717 38.00381088256836
718 38.0573844909668
719 38.046478271484375
720 38.00404739379883
721 37.976112365722656
722 37.97706604003906
723 37.94318771362305
724 37.93711853027344
725 37.916290283203125
726 37.937625885009766
727 37.98232650756836
728 37.99699401855469
729 37.99125289916992
730 37.99961471557617
731 38.006107330322266
732 37.99263381958008
733 38.00354766845703
734 38.0346794128418
735 38.05766296386719
736 38.05366134643555
737 38.08124542236328
738 38.1037483215332
739 38.08271789550781
740 38.07627868652344
741 38.07362747192383
742 38.10376739501953
743 38.11280822753906
744 38.10638427734375
745 38.123680114746094
746 38.13283157348633
747 38.128665924072266
748 38.11837387084961
749 38.14391326904297
750 38.1057243347168
751 38.05864715576172
752 38.09010314941406
753 38.0533332824707
754 38.057010650634766
755 38.07071304321289
756 38.10839080810547
757 38.111907958984375
758 38.129676818847656
759 38.099063873291016
760 38.03035354614258
761 38.01491165161133
762 38.043113708496094
763 38.04826736450195
764 38.04742431640625
765 38.02969741821289
766 37.99525451660156
767 38.00924301147461
768 37.972129821777344
769 37.960792541503906
770 37.98379135131836
771 37.932861328125
772 37.92662048339844
773 37.94164276123047
774 37.98289489746094
775 37.999717712402344
776 38.03229904174805
777 38.03615188598633
778 38.04314422607422
779 38.04306411743164
780 38.01594543457031
781 38.01483154296875
782 38.031097412109375
783 38.03181076049805
784 37.98587417602539
785 38.00518035888672
786 37.94667053222656
787 37.916168212890625
788 37.922916412353516
789 37.93144226074219
790 37.928802490234375
791 37.971717834472656
792 37.978759765625
793 37.994197845458984
794 38.05337905883789
795 38.058773040771484
796 38.066993713378906
797 38.067867279052734
798 38.07227325439453
799 38.061649322509766
800 38.02908706665039
801 38.08052062988281
802 38.05487823486328
803 38.08443832397461
804 38.096248626708984
805 38.07511901855469
806 38.089569091796875
807 38.0738525390625
808 38.09608840942383
809 38.091346740722656
810 38.10485076904297
811 38.10663604736328
812 38.1046028137207
813 38.13453674316406
814 38.132904052734375
815 38.14019775390625
816 38.11890411376953
817 38.11940002441406
818 38.13703155517578
819 38.129554748535156
820 38.10054397583008
821 38.07958984375
822 38.027435302734375
823 38.034278869628906
824 38.00893783569336
825 37.98405838012695
826 38.00388717651367
827 38.03884506225586
828 38.01874542236328
829 38.039947509765625
830 38.02944564819336
831 38.08202362060547
832 38.11260223388672
833 38.109588623046875
834 38.12567138671875
835 38.07942581176758
836 38.10353088378906
837 38.10899353027344
838 38.081382751464844
839 38.05613708496094
840 38.06093978881836
841 38.07575225830078
842 38.045135498046875
843 38.02758026123047
844 38.00697708129883
845 38.06485366821289
846 38.090789794921875
847 38.04794692993164
848 38.07504653930664
849 38.12622833251953
850 38.114376068115234
851 38.14162826538086
852 38.19179153442383
853 38.188106536865234
854 38.17758560180664
855 38.15882873535156
856 38.10824203491211
857 38.17997360229492
858 38.20914840698242
859 38.14931869506836
860 38.13466262817383
861 38.18833923339844
862 38.21171569824219
863 38.1578254699707
864 38.1423454284668
865 38.097068786621094
866 38.12870407104492
867 38.139259338378906
868 38.16638946533203
869 38.17251968383789
870 38.158912658691406
871 38.164634704589844
872 38.121726989746094
873 38.139278411865234
874 38.1447639465332
875 38.0921745300293
876 38.13144302368164
877 38.16175842285156
878 38.11241912841797
879 38.0500602722168
880 38.05436706542969
881 38.08039093017578
882 38.09622573852539
883 38.117103576660156
