0 38.28707504272461
1 38.33708190917969
2 38.31856918334961
3 38.37116622924805
4 38.390926361083984
5 38.37156295776367
6 38.324424743652344
7 38.28751754760742
8 38.269935607910156
9 38.26173400878906
10 38.26321029663086
11 38.27875518798828
12 38.2525634765625
13 38.25619888305664
14 38.25796127319336
15 38.273399353027344
16 38.290924072265625
17 38.26478576660156
18 38.222572326660156
19 38.200645446777344
20 38.22692108154297
21 38.26028823852539
22 38.283206939697266
23 38.29454040527344
24 38.28976058959961
25 38.26640701293945
26 38.280399322509766
27 38.285430908203125
28 38.35324478149414
29 38.3453369140625
30 38.32746887207031
31 38.33185577392578
32 38.359230041503906
33 38.38287353515625
34 38.40639877319336
35 38.39324188232422
36 38.355987548828125
37 38.310447692871094
38 38.32701873779297
39 38.301551818847656
40 38.33253860473633
41 38.32947540283203
42 38.346038818359375
43 38.35009002685547
44 38.33565902709961
45 38.31593322753906
46 38.31723403930664
47 38.298946380615234
48 38.3460693359375
49 38.33229446411133
50 38.320499420166016
51 38.30719757080078
52 38.284175872802734
53 38.25634765625
54 38.264793395996094
55 38.26423263549805
56 38.268428802490234
57 38.316741943359375
58 38.30571365356445
59 38.28425598144531
60 38.29207229614258
61 38.27687454223633
62 38.26136779785156
63 38.2756462097168
64 38.266422271728516
65 38.269325256347656
66 38.30518341064453
67 38.287017822265625
68 38.270599365234375
69 38.276100158691406
70 38.266754150390625
71 38.27898406982422
72 38.26202392578125
73 38.272796630859375
74 38.27309799194336
75 38.3303337097168
76 38.286346435546875
77 38.28483200073242
78 38.25816345214844
79 38.25001525878906
80 38.234458923339844
81 38.214263916015625
82 38.238956451416016
83 38.19638442993164
84 38.146331787109375
85 38.16864013671875
86 38.186946868896484
87 38.2167854309082
88 38.214839935302734
89 38.19277572631836
90 38.19462966918945
91 38.189697265625
92 38.192161560058594
93 38.250579833984375
94 38.260101318359375
95 38.21280288696289
96 38.21238327026367
97 38.250526428222656
98 38.25236511230469
99 38.24653244018555
100 38.27285385131836
101 38.248260498046875
102 38.252620697021484
103 38.28521728515625
104 38.291175842285156
105 38.332828521728516
106 38.36241912841797
107 38.38666534423828
108 38.39828109741211
109 38.40635299682617
110 38.40375518798828
111 38.468692779541016
112 38.50146484375
113 38.47939682006836
114 38.498077392578125
115 38.4354248046875
116 38.45539474487305
117 38.431922912597656
118 38.40398406982422
119 38.42826843261719
120 38.41234588623047
121 38.39626693725586
122 38.37957000732422
123 38.36982345581055
124 38.345706939697266
125 38.31442642211914
126 38.3432502746582
127 38.37387466430664
128 38.352020263671875
129 38.3675651550293
130 38.38212203979492
131 38.370201110839844
132 38.334102630615234
133 38.34869384765625
134 38.269039154052734
135 38.281768798828125
136 38.30708694458008
137 38.25653076171875
138 38.28383255004883
139 38.282230377197266
140 38.284202575683594
141 38.28364944458008
142 38.30205154418945
143 38.30302810668945
144 38.25763702392578
145 38.28951644897461
146 38.33197784423828
147 38.35619354248047
148 38.32627487182617
149 38.31385040283203
150 38.35932159423828
151 38.38264846801758
152 38.37638854980469
153 38.38838195800781
154 38.345218658447266
155 38.353271484375
156 38.37030792236328
157 38.318328857421875
158 38.307010650634766
159 38.32907485961914
160 38.2947883605957
161 38.2910041809082
162 38.31817626953125
163 38.26341247558594
164 38.262874603271484
165 38.25467300415039
166 38.27606201171875
167 38.289100646972656
168 38.3083381652832
169 38.2650032043457
170 38.27455520629883
171 38.298770904541016
172 38.33598327636719
173 38.36717224121094
174 38.38813018798828
175 38.36460494995117
176 38.31737518310547
177 38.271697998046875
178 38.276947021484375
179 38.32608413696289
180 38.2972526550293
181 38.26132583618164
182 38.30159378051758
183 38.30012512207031
184 38.28556823730469
185 38.26155090332031
186 38.308563232421875
187 38.35091781616211
188 38.41835403442383
189 38.41818618774414
190 38.41327667236328
191 38.39214324951172
192 38.34892654418945
193 38.33236312866211
194 38.347537994384766
195 38.406044006347656
196 38.371681213378906
197 38.272865295410156
198 38.25581741333008
199 38.283443450927734
200 38.26505661010742
201 38.25883483886719
202 38.25503158569336
203 38.25275802612305
204 38.23549270629883
205 38.23453903198242
206 38.23381805419922
207 38.2120361328125
208 38.2177734375
209 38.172061920166016
210 38.19120788574219
211 38.2296257019043
212 38.23719024658203
213 38.189964294433594
214 38.182464599609375
215 38.166526794433594
216 38.16889953613281
217 38.22871398925781
218 38.19384002685547
219 38.20035934448242
220 38.22396469116211
221 38.21207046508789
222 38.17384338378906
223 38.1942138671875
224 38.22502517700195
225 38.1688346862793
226 38.1422233581543
227 38.09775161743164
228 38.12228775024414
229 38.165767669677734
230 38.19214630126953
231 38.1619987487793
232 38.13737106323242
233 38.14138412475586
234 38.172664642333984
235 38.261566162109375
236 38.251678466796875
237 38.23525619506836
238 38.18608856201172
239 38.255863189697266
240 38.26158905029297
241 38.21036911010742
242 38.199954986572266
243 38.232696533203125
244 38.21570587158203
245 38.25243377685547
246 38.234031677246094
247 38.2215690612793
248 38.24968719482422
249 38.206302642822266
250 38.187801361083984
251 38.210304260253906
252 38.17313003540039
253 38.1450309753418
254 38.12297058105469
255 38.13410568237305
256 38.14954376220703
257 38.15959548950195
258 38.175235748291016
259 38.16912841796875
260 38.15793228149414
261 38.172481536865234
262 38.125057220458984
263 38.127323150634766
264 38.119964599609375
265 38.13277816772461
266 38.136573791503906
267 38.13492202758789
268 38.13967514038086
269 38.13304901123047
270 38.10407638549805
271 38.07790756225586
272 38.06380844116211
273 38.08064651489258
274 38.1086311340332
275 38.13130187988281
276 38.13743209838867
277 38.12160110473633
278 38.10816955566406
279 38.10226058959961
280 38.07855987548828
281 38.12516784667969
282 38.14630126953125
283 38.16548156738281
284 38.162635803222656
285 38.15800476074219
286 38.158905029296875
287 38.16205596923828
288 38.15504455566406
289 38.206111907958984
290 38.26243591308594
291 38.23053741455078
292 38.223690032958984
293 38.24225616455078
294 38.213890075683594
295 38.223445892333984
296 38.222877502441406
297 38.249717712402344
298 38.2824592590332
299 38.29771423339844
300 38.30461502075195
301 38.32515335083008
302 38.34933090209961
303 38.337425231933594
304 38.3143196105957
305 38.2900505065918
306 38.30002212524414
307 38.2929801940918
308 38.28937530517578
309 38.32158660888672
310 38.37192153930664
311 38.35370635986328
312 38.367557525634766
313 38.3336067199707
314 38.31792449951172
315 38.3299560546875
316 38.316837310791016
317 38.36329650878906
318 38.38938903808594
319 38.360069274902344
320 38.38355255126953
321 38.38359451293945
322 38.3792724609375
323 38.42070770263672
324 38.40471267700195
325 38.39456558227539
326 38.33723831176758
327 38.349483489990234
328 38.346031188964844
329 38.30232238769531
330 38.354000091552734
331 38.400421142578125
332 38.36674118041992
333 38.345027923583984
334 38.33216857910156
335 38.32447814941406
336 38.329345703125
337 38.30888366699219
338 38.292999267578125
339 38.29294967651367
340 38.297019958496094
341 38.21688461303711
342 38.216156005859375
343 38.19241714477539
344 38.21650314331055
345 38.26136779785156
346 38.230323791503906
347 38.23106384277344
348 38.24715042114258
349 38.22401809692383
350 38.22052764892578
