0 38.117103576660156
1 38.11886215209961
2 38.13072204589844
3 38.12112045288086
4 38.1070671081543
5 38.17934036254883
6 38.08664321899414
7 38.07382583618164
8 38.08134460449219
9 38.045658111572266
10 38.051841735839844
11 38.09129333496094
12 38.07901382446289
13 38.08056640625
14 38.09406280517578
15 38.07111358642578
16 38.07559585571289
17 38.108802795410156
18 38.108673095703125
19 38.102943420410156
20 38.082332611083984
21 38.092124938964844
22 38.09597396850586
23 38.12087631225586
24 38.14766311645508
25 38.208770751953125
26 38.14070129394531
27 38.20536804199219
28 38.19071960449219
29 38.17476272583008
30 38.22356033325195
31 38.181732177734375
32 38.1683349609375
33 38.19400405883789
34 38.185768127441406
35 38.19556427001953
36 38.183006286621094
37 38.21514892578125
38 38.1443977355957
39 38.17845153808594
40 38.16511917114258
41 38.17308807373047
42 38.206783294677734
43 38.20092010498047
44 38.238101959228516
45 38.23688507080078
46 38.315433502197266
47 38.24515914916992
48 38.23373031616211
49 38.27973175048828
50 38.266639709472656
51 38.235816955566406
52 38.215232849121094
53 38.236602783203125
54 38.19234848022461
55 38.25128936767578
56 38.29376983642578
57 38.30268859863281
58 38.33592987060547
59 38.31448745727539
60 38.29001998901367
61 38.27036666870117
62 38.28718948364258
63 38.295753479003906
64 38.286033630371094
65 38.276363372802734
66 38.29738235473633
67 38.337608337402344
68 38.354801177978516
69 38.378746032714844
70 38.396976470947266
71 38.379493713378906
72 38.40788650512695
73 38.386390686035156
74 38.37337875366211
75 38.31329345703125
76 38.36363220214844
77 38.33796691894531
78 38.28752517700195
79 38.327632904052734
80 38.31601333618164
81 38.31842803955078
82 38.26082229614258
83 38.309940338134766
84 38.295379638671875
85 38.36748504638672
86 38.340145111083984
87 38.409698486328125
88 38.375396728515625
89 38.39540481567383
90 38.47551345825195
91 38.41617202758789
92 38.44533157348633
93 38.447505950927734
94 38.41960525512695
95 38.407772064208984
96 38.32016372680664
97 38.33002471923828
98 38.32997131347656
99 38.365509033203125
100 38.38484573364258
101 38.30833053588867
102 38.33219528198242
103 38.31190872192383
104 38.28642654418945
105 38.26021194458008
106 38.304176330566406
107 38.269081115722656
108 38.33827209472656
109 38.286865234375
110 38.257591247558594
111 38.27598190307617
112 38.27103042602539
113 38.28080368041992
114 38.23147201538086
115 38.29924774169922
116 38.326961517333984
117 38.30976867675781
118 38.226593017578125
119 38.276737213134766
120 38.2447509765625
121 38.27949142456055
122 38.328041076660156
123 38.353126525878906
124 38.33603286743164
125 38.378604888916016
126 38.38878631591797
127 38.323883056640625
128 38.32585906982422
129 38.344482421875
130 38.38032913208008
131 38.34919738769531
132 38.3149528503418
133 38.33058166503906
134 38.294681549072266
135 38.20248031616211
136 38.271724700927734
137 38.24368667602539
138 38.24481201171875
139 38.32004928588867
140 38.35988998413086
141 38.33955001831055
142 38.26784133911133
143 38.273624420166016
144 38.295738220214844
145 38.27411651611328
146 38.29099655151367
147 38.284278869628906
148 38.33354187011719
149 38.37495040893555
150 38.28942108154297
151 38.271541595458984
152 38.28746795654297
153 38.35506057739258
154 38.32316207885742
155 38.38693618774414
156 38.343536376953125
157 38.33784103393555
158 38.327457427978516
159 38.30098342895508
160 38.333255767822266
161 38.349273681640625
162 38.33195495605469
163 38.30201721191406
164 38.3350715637207
165 38.33515548706055
166 38.278438568115234
167 38.34121322631836
168 38.357418060302734
169 38.40813446044922
170 38.328857421875
171 38.31953430175781
172 38.25937271118164
173 38.30126953125
174 38.27885437011719
175 38.241424560546875
176 38.16393280029297
177 38.20170974731445
178 38.211978912353516
179 38.20462417602539
180 38.30616760253906
181 38.326416015625
182 38.26835250854492
183 38.308197021484375
184 38.30854415893555
185 38.287078857421875
